{"nbformat":4,"nbformat_minor":0,"metadata":{"colab":{"name":"ne21-1228f_Ex.2-7.ipynb","provenance":[],"collapsed_sections":[]},"kernelspec":{"name":"ir","display_name":"R"},"language_info":{"name":"python"}},"cells":[{"cell_type":"markdown","source":["##基礎演習S 後半第2回"],"metadata":{"id":"FtIU6TCcNnp9"}},{"cell_type":"markdown","source":["NE21-1228F\n","鈴木　拓己"],"metadata":{"id":"aT5oWBmjNqka"}},{"cell_type":"markdown","source":["### Ex.2-7　科目間の類似性\n","##### 準備  \n","1. 予め「NE2022.zip」をセッションストレージに（手動）アップロード．以下はスクリプトで\n","1. セッションストレージ内でzipを解凍（シラバス入りの「NE2022」フォルダ生成）\n","1. セッションストレージ内に「dat」フォルダを作成し，「NE2022」内の３つの基礎演習とすべての「卒業演習１」のシラバスファイル，そして「テキスト処理」を「dat」内にコピー\n","1. 名詞，形容詞，動詞を品詞とする文書ターム行列を求め，列名の「.txt」部分を削除\n","1. 文書ターム行列の行名が，パンクチュエーション，アルファベット1文字，数字である行を削除\n","1. コサイン類似度を計算し，3つの基礎演習別に類似度が最大の科目と最小の（基礎演習以外の）科目を抽出する\n","1. 前問で抽出した6科目（重複あり得る）について，そのシラバスと3基礎演習の類似度を積み上げ棒グラフで表現する\n","1. 抽出した6科目（重複あり得る）間の類似度を比較したい．各科目について，科目間の類似度が最大の科目と最小の科目，およびその類似度の値をそれぞれ求める\n"],"metadata":{"id":"EchVphHuPNx3"}},{"cell_type":"code","source":["#[2]\n","system(\"apt -y install zip && unzip NE2022.zip\")"],"metadata":{"id":"JUHp-iUvPKay","executionInfo":{"status":"ok","timestamp":1656076109647,"user_tz":-540,"elapsed":3382,"user":{"displayName":"ne21-1228 鈴木 Suzuki","userId":"18221352827785176152"}}},"execution_count":3,"outputs":[]},{"cell_type":"code","source":["#[3]\n","dn <- \"dat\"\n","dir.create(dn)\n","fn <- c(\"32140\",\"32556\",\"32244\",\"32452\",\"32454\",\"32456\",\"32458\",\"32460\",\"32462\",\"32464\",\"32466\",\"32468\",\"32470\",\"32472\"\n",",\"32474\",\"32476\",\"32478\",\"32480\",\"32482\",\"32484\",\"32486\",\"32488\",\"32490\",\"32492\",\"32494\",\"32496\",\"32498\",\"32500\",\"32596\")\n","fn1 <- paste0(dn, \"/\", fn , \".txt\")\n","fn2 <- paste0(\"/content/NE2022/\", fn ,\".txt\")\n","for (i in 1:length(fn)) write(readLines(fn2[i]), fn1[i])\n","# G.Colab.の左の「ファイル」メニューを開き「更新」アイコンを押して作ったディレクトリを確認せよ"],"metadata":{"id":"5Z0bElPoPYj_","executionInfo":{"status":"ok","timestamp":1656076113938,"user_tz":-540,"elapsed":379,"user":{"displayName":"ne21-1228 鈴木 Suzuki","userId":"18221352827785176152"}}},"execution_count":4,"outputs":[]},{"cell_type":"code","source":["#[4]\n","install.packages(\"stringr\")\n","library(stringr)\n","dtm <- docMatrix(\"dat\", minFreq = 3, pos = c(\"名詞\", \"形容詞\", \"動詞\"))\n","colnames(dtm) <- colnames(dtm) %>% str_replace(\".txt\", \"\")\n","head(dtm,5)"],"metadata":{"colab":{"base_uri":"https://localhost:8080/","height":1000},"id":"EebvUEAAZTfD","executionInfo":{"status":"ok","timestamp":1656076743672,"user_tz":-540,"elapsed":4462,"user":{"displayName":"ne21-1228 鈴木 Suzuki","userId":"18221352827785176152"}},"outputId":"c2440def-215b-488d-d320-ca3d1c3292c1"},"execution_count":31,"outputs":[{"output_type":"stream","name":"stderr","text":["Installing package into ‘/usr/local/lib/R/site-library’\n","(as ‘lib’ is unspecified)\n","\n"]},{"output_type":"stream","name":"stdout","text":["file = dat/32140.txt\n","file = dat/32244.txt\n","file = dat/32452.txt\n","file = dat/32454.txt\n","file = dat/32456.txt\n","file = dat/32458.txt\n","file = dat/32460.txt\n","file = dat/32462.txt\n","file = dat/32464.txt\n","file = dat/32466.txt\n","file = dat/32468.txt\n","file = dat/32470.txt\n","file = dat/32472.txt\n","file = dat/32474.txt\n","file = dat/32476.txt\n","file = dat/32478.txt\n","file = dat/32480.txt\n","file = dat/32482.txt\n","file = dat/32484.txt\n","file = dat/32486.txt\n","file = dat/32488.txt\n","file = dat/32490.txt\n","file = dat/32492.txt\n","file = dat/32494.txt\n","file = dat/32496.txt\n","file = dat/32498.txt\n","file = dat/32500.txt\n","file = dat/32556.txt\n","file = dat/32596.txt\n","Term Document Matrix includes 2 information rows! \n","whose names are [[LESS-THAN-3]] and [[TOTAL-TOKENS]]\n","if you remove these rows, run\n","result[ rownames(result) !=  \"[[LESS-THAN-3]]\" , ]\n","result[ rownames(result) !=  \"[[TOTAL-TOKENS]]\" , ]\n"]},{"output_type":"display_data","data":{"text/plain":["     docs\n","terms 32140 32244 32452 32454 32456 32458 32460 32462 32464 32466 32468 32470\n","   -      0     0     0     0     0     0     0     0     4     0     0     0\n","   －     5     0     0     0     0     0     0     0     0     0     0     0\n","   ,      0     0     0     0     0     0     0    11     0     0     0     0\n","   :      0     0     0     0     0     0     0     0     4     0     0     0\n","   .      4    17     0     0     0     0     0     0     0     0    15     0\n","     docs\n","terms 32472 32474 32476 32478 32480 32482 32484 32486 32488 32490 32492 32494\n","   -      0     0     0     0     0     0     0     0     0     0     0     0\n","   －     0     0     0     0     0     0     0     0     0     0     0     0\n","   ,      0     0     0     0     0     0     0     0     0     4     0     0\n","   :      0     0     0     0     0     0     0     0     0     0     0     0\n","   .      0     0     0     0     0     0     0     0    15     0     0     0\n","     docs\n","terms 32496 32498 32500 32556 32596\n","   -      0     0     0     0     0\n","   －     0     0     0     0     0\n","   ,      0     0     0     0     0\n","   :      0     0     0     0     0\n","   .      0     0    15    15     0"]},"metadata":{}}]},{"cell_type":"code","source":["#[5]\n","d <- grep(\"[[:punct:]]\",rownames(dtm))\n","if(length(d) != 0) dtm <- dtm[-d,]\n","d <- grep(\"^[Ａ-ＺA-Zａ-ｚa-z]$\",rownames(dtm),perl=TRUE)\n","if(length(d) != 0) dtm <- dtm[-d,]\n","d <- which(rownames(dtm) %in% c(\"０\",\"１\",\"２\",\"３\",\"４\",\"５\",\"６\",\"７\",\"８\",\"９\",\"0\",\"1\",\"2\",\"3\",\"4\",\"5\",\"6\",\"7\",\"8\",\"9\"))\n","if(length(d) != 0) dtm <- dtm[-d,]"],"metadata":{"id":"XOXJ5P-PV5ha","executionInfo":{"status":"ok","timestamp":1656080744774,"user_tz":-540,"elapsed":483,"user":{"displayName":"ne21-1228 鈴木 Suzuki","userId":"18221352827785176152"}}},"execution_count":102,"outputs":[]},{"cell_type":"code","source":["#[6]\n","# パッケージ\n","install.packages('lsa')\n","library(lsa)\n","data <- cosine(as.matrix(dtm[,])); data"],"metadata":{"colab":{"base_uri":"https://localhost:8080/","height":1000},"id":"I4iGKc7bbiUa","executionInfo":{"status":"ok","timestamp":1656080750511,"user_tz":-540,"elapsed":4446,"user":{"displayName":"ne21-1228 鈴木 Suzuki","userId":"18221352827785176152"}},"outputId":"8beb3cf9-dcb8-4dc6-c2be-700b1945644a"},"execution_count":103,"outputs":[{"output_type":"stream","name":"stderr","text":["Installing package into ‘/usr/local/lib/R/site-library’\n","(as ‘lib’ is unspecified)\n","\n"]},{"output_type":"display_data","data":{"text/html":["<table class=\"dataframe\">\n","<caption>A matrix: 29 × 29 of type dbl</caption>\n","<thead>\n","\t<tr><th></th><th scope=col>32140</th><th scope=col>32244</th><th scope=col>32452</th><th scope=col>32454</th><th scope=col>32456</th><th scope=col>32458</th><th scope=col>32460</th><th scope=col>32462</th><th scope=col>32464</th><th scope=col>32466</th><th scope=col>⋯</th><th scope=col>32486</th><th scope=col>32488</th><th scope=col>32490</th><th scope=col>32492</th><th scope=col>32494</th><th scope=col>32496</th><th scope=col>32498</th><th scope=col>32500</th><th scope=col>32556</th><th scope=col>32596</th></tr>\n","</thead>\n","<tbody>\n","\t<tr><th scope=row>32140</th><td>1.0000000</td><td>0.3868478</td><td>0.2747367</td><td>0.1944725</td><td>0.1788447</td><td>0.1658324</td><td>0.2553835</td><td>0.3247330</td><td>0.3506240</td><td>0.3129687</td><td>⋯</td><td>0.2960385</td><td>0.3195120</td><td>0.6234531</td><td>0.2100639</td><td>0.2741456</td><td>0.2824937</td><td>0.2628567</td><td>0.2574846</td><td>0.4484846</td><td>0.3273764</td></tr>\n","\t<tr><th scope=row>32244</th><td>0.3868478</td><td>1.0000000</td><td>0.4793720</td><td>0.3769175</td><td>0.3279865</td><td>0.2675490</td><td>0.5291543</td><td>0.6803345</td><td>0.5814632</td><td>0.3684282</td><td>⋯</td><td>0.4700393</td><td>0.4464843</td><td>0.5774388</td><td>0.3026118</td><td>0.3312295</td><td>0.4941860</td><td>0.4989578</td><td>0.5261236</td><td>0.6559481</td><td>0.5360337</td></tr>\n","\t<tr><th scope=row>32452</th><td>0.2747367</td><td>0.4793720</td><td>1.0000000</td><td>0.5852684</td><td>0.7029782</td><td>0.6865075</td><td>0.5067934</td><td>0.5929391</td><td>0.4274707</td><td>0.5177773</td><td>⋯</td><td>0.5166654</td><td>0.2187431</td><td>0.3699104</td><td>0.6398159</td><td>0.4592274</td><td>0.4553730</td><td>0.3720517</td><td>0.6575189</td><td>0.4733842</td><td>0.2815573</td></tr>\n","\t<tr><th scope=row>32454</th><td>0.1944725</td><td>0.3769175</td><td>0.5852684</td><td>1.0000000</td><td>0.6347952</td><td>0.6489549</td><td>0.3733489</td><td>0.5676306</td><td>0.3396863</td><td>0.3891111</td><td>⋯</td><td>0.4352575</td><td>0.1811507</td><td>0.2724032</td><td>0.6378648</td><td>0.4265132</td><td>0.4017697</td><td>0.2625892</td><td>0.5370948</td><td>0.3317012</td><td>0.2728023</td></tr>\n","\t<tr><th scope=row>32456</th><td>0.1788447</td><td>0.3279865</td><td>0.7029782</td><td>0.6347952</td><td>1.0000000</td><td>0.8946392</td><td>0.3513178</td><td>0.5136655</td><td>0.2453976</td><td>0.5005127</td><td>⋯</td><td>0.4983260</td><td>0.1290701</td><td>0.2631328</td><td>0.7702819</td><td>0.5879274</td><td>0.4368710</td><td>0.2877830</td><td>0.5972923</td><td>0.3017342</td><td>0.1763114</td></tr>\n","\t<tr><th scope=row>32458</th><td>0.1658324</td><td>0.2675490</td><td>0.6865075</td><td>0.6489549</td><td>0.8946392</td><td>1.0000000</td><td>0.3292217</td><td>0.5067780</td><td>0.2465628</td><td>0.4617044</td><td>⋯</td><td>0.5497768</td><td>0.1555320</td><td>0.2197693</td><td>0.8060277</td><td>0.5161877</td><td>0.4333820</td><td>0.2954787</td><td>0.5837764</td><td>0.2583189</td><td>0.1997342</td></tr>\n","\t<tr><th scope=row>32460</th><td>0.2553835</td><td>0.5291543</td><td>0.5067934</td><td>0.3733489</td><td>0.3513178</td><td>0.3292217</td><td>1.0000000</td><td>0.5787756</td><td>0.4753500</td><td>0.4153426</td><td>⋯</td><td>0.4714591</td><td>0.2468677</td><td>0.4031024</td><td>0.3167126</td><td>0.4040730</td><td>0.4263897</td><td>0.2907039</td><td>0.4623820</td><td>0.5692839</td><td>0.3506530</td></tr>\n","\t<tr><th scope=row>32462</th><td>0.3247330</td><td>0.6803345</td><td>0.5929391</td><td>0.5676306</td><td>0.5136655</td><td>0.5067780</td><td>0.5787756</td><td>1.0000000</td><td>0.6983557</td><td>0.4426511</td><td>⋯</td><td>0.5395702</td><td>0.3524186</td><td>0.5262225</td><td>0.5021690</td><td>0.4911209</td><td>0.4864264</td><td>0.4103298</td><td>0.6917025</td><td>0.5801781</td><td>0.4028230</td></tr>\n","\t<tr><th scope=row>32464</th><td>0.3506240</td><td>0.5814632</td><td>0.4274707</td><td>0.3396863</td><td>0.2453976</td><td>0.2465628</td><td>0.4753500</td><td>0.6983557</td><td>1.0000000</td><td>0.4258861</td><td>⋯</td><td>0.3829827</td><td>0.3741499</td><td>0.4855612</td><td>0.2594851</td><td>0.3260229</td><td>0.4132015</td><td>0.5268670</td><td>0.6496708</td><td>0.5457765</td><td>0.3855202</td></tr>\n","\t<tr><th scope=row>32466</th><td>0.3129687</td><td>0.3684282</td><td>0.5177773</td><td>0.3891111</td><td>0.5005127</td><td>0.4617044</td><td>0.4153426</td><td>0.4426511</td><td>0.4258861</td><td>1.0000000</td><td>⋯</td><td>0.4099831</td><td>0.3340529</td><td>0.2819307</td><td>0.4542297</td><td>0.4655630</td><td>0.4070014</td><td>0.4122832</td><td>0.4942193</td><td>0.4447754</td><td>0.2930230</td></tr>\n","\t<tr><th scope=row>32468</th><td>0.3095228</td><td>0.3789554</td><td>0.5834437</td><td>0.5664270</td><td>0.6166909</td><td>0.6235223</td><td>0.3353410</td><td>0.5277431</td><td>0.4417303</td><td>0.4740024</td><td>⋯</td><td>0.4234605</td><td>0.2355696</td><td>0.3854909</td><td>0.5795022</td><td>0.4322198</td><td>0.3512118</td><td>0.3529947</td><td>0.7162995</td><td>0.3393336</td><td>0.2498814</td></tr>\n","\t<tr><th scope=row>32470</th><td>0.2753835</td><td>0.5587114</td><td>0.3731248</td><td>0.2701868</td><td>0.2890812</td><td>0.2824692</td><td>0.4511879</td><td>0.4436497</td><td>0.4125587</td><td>0.3461737</td><td>⋯</td><td>0.5038258</td><td>0.2468277</td><td>0.4463192</td><td>0.1753781</td><td>0.2203489</td><td>0.4383961</td><td>0.3348873</td><td>0.4396892</td><td>0.5621211</td><td>0.3026040</td></tr>\n","\t<tr><th scope=row>32472</th><td>0.3439430</td><td>0.6032275</td><td>0.5545504</td><td>0.4197749</td><td>0.5076244</td><td>0.4644577</td><td>0.5400424</td><td>0.6302940</td><td>0.5123247</td><td>0.5241145</td><td>⋯</td><td>0.5671752</td><td>0.3667818</td><td>0.5144303</td><td>0.4486649</td><td>0.4441448</td><td>0.7544703</td><td>0.4762837</td><td>0.6253739</td><td>0.5686712</td><td>0.4071476</td></tr>\n","\t<tr><th scope=row>32474</th><td>0.2060360</td><td>0.3749503</td><td>0.6144426</td><td>0.6047946</td><td>0.7059972</td><td>0.6651018</td><td>0.4159697</td><td>0.4857040</td><td>0.3295881</td><td>0.5781346</td><td>⋯</td><td>0.5063834</td><td>0.2468385</td><td>0.2658119</td><td>0.6300892</td><td>0.5005322</td><td>0.4618852</td><td>0.3207728</td><td>0.5252966</td><td>0.3408376</td><td>0.2638347</td></tr>\n","\t<tr><th scope=row>32476</th><td>0.3883091</td><td>0.5003004</td><td>0.5228130</td><td>0.4090249</td><td>0.4651828</td><td>0.4782244</td><td>0.4440029</td><td>0.5682968</td><td>0.4697790</td><td>0.5544852</td><td>⋯</td><td>0.5425711</td><td>0.4120286</td><td>0.3985963</td><td>0.5156783</td><td>0.4569047</td><td>0.4551786</td><td>0.4697226</td><td>0.5688277</td><td>0.5093044</td><td>0.3886204</td></tr>\n","\t<tr><th scope=row>32478</th><td>0.3675246</td><td>0.4926287</td><td>0.4362335</td><td>0.2819507</td><td>0.3005267</td><td>0.2664796</td><td>0.3947474</td><td>0.5005944</td><td>0.6200490</td><td>0.4353898</td><td>⋯</td><td>0.3293839</td><td>0.3222422</td><td>0.2909856</td><td>0.2640560</td><td>0.2457208</td><td>0.3237697</td><td>0.3907223</td><td>0.4497992</td><td>0.5272045</td><td>0.3043702</td></tr>\n","\t<tr><th scope=row>32480</th><td>0.3219702</td><td>0.5318979</td><td>0.6484136</td><td>0.5718579</td><td>0.6110363</td><td>0.5904992</td><td>0.5169586</td><td>0.6443799</td><td>0.4750929</td><td>0.5674963</td><td>⋯</td><td>0.5246321</td><td>0.3182385</td><td>0.3606800</td><td>0.6157933</td><td>0.5041607</td><td>0.4923676</td><td>0.3729020</td><td>0.5892401</td><td>0.5061152</td><td>0.4038823</td></tr>\n","\t<tr><th scope=row>32482</th><td>0.1945121</td><td>0.2695178</td><td>0.5694203</td><td>0.4331601</td><td>0.4838203</td><td>0.5024640</td><td>0.2875019</td><td>0.4172688</td><td>0.3277497</td><td>0.3464215</td><td>⋯</td><td>0.3665648</td><td>0.1670015</td><td>0.2160630</td><td>0.4826646</td><td>0.3297098</td><td>0.3160174</td><td>0.2764660</td><td>0.4877048</td><td>0.2707009</td><td>0.1879501</td></tr>\n","\t<tr><th scope=row>32484</th><td>0.3782342</td><td>0.5027382</td><td>0.5742716</td><td>0.4724466</td><td>0.5110585</td><td>0.5373436</td><td>0.5375062</td><td>0.5935736</td><td>0.5027271</td><td>0.5274810</td><td>⋯</td><td>0.5489657</td><td>0.4175674</td><td>0.3712006</td><td>0.5543749</td><td>0.3956641</td><td>0.4451980</td><td>0.4284267</td><td>0.6618743</td><td>0.5503103</td><td>0.4439904</td></tr>\n","\t<tr><th scope=row>32486</th><td>0.2960385</td><td>0.4700393</td><td>0.5166654</td><td>0.4352575</td><td>0.4983260</td><td>0.5497768</td><td>0.4714591</td><td>0.5395702</td><td>0.3829827</td><td>0.4099831</td><td>⋯</td><td>1.0000000</td><td>0.3589273</td><td>0.3876167</td><td>0.4980816</td><td>0.3543137</td><td>0.5276423</td><td>0.4159353</td><td>0.5116278</td><td>0.4548639</td><td>0.3672281</td></tr>\n","\t<tr><th scope=row>32488</th><td>0.3195120</td><td>0.4464843</td><td>0.2187431</td><td>0.1811507</td><td>0.1290701</td><td>0.1555320</td><td>0.2468677</td><td>0.3524186</td><td>0.3741499</td><td>0.3340529</td><td>⋯</td><td>0.3589273</td><td>1.0000000</td><td>0.2708737</td><td>0.2806001</td><td>0.1495676</td><td>0.2901878</td><td>0.5919558</td><td>0.3230987</td><td>0.3999743</td><td>0.5100132</td></tr>\n","\t<tr><th scope=row>32490</th><td>0.6234531</td><td>0.5774388</td><td>0.3699104</td><td>0.2724032</td><td>0.2631328</td><td>0.2197693</td><td>0.4031024</td><td>0.5262225</td><td>0.4855612</td><td>0.2819307</td><td>⋯</td><td>0.3876167</td><td>0.2708737</td><td>1.0000000</td><td>0.2002189</td><td>0.4002084</td><td>0.3985333</td><td>0.3451679</td><td>0.4195550</td><td>0.4913979</td><td>0.3436878</td></tr>\n","\t<tr><th scope=row>32492</th><td>0.2100639</td><td>0.3026118</td><td>0.6398159</td><td>0.6378648</td><td>0.7702819</td><td>0.8060277</td><td>0.3167126</td><td>0.5021690</td><td>0.2594851</td><td>0.4542297</td><td>⋯</td><td>0.4980816</td><td>0.2806001</td><td>0.2002189</td><td>1.0000000</td><td>0.5390457</td><td>0.4690569</td><td>0.3476898</td><td>0.5771673</td><td>0.2836143</td><td>0.2963111</td></tr>\n","\t<tr><th scope=row>32494</th><td>0.2741456</td><td>0.3312295</td><td>0.4592274</td><td>0.4265132</td><td>0.5879274</td><td>0.5161877</td><td>0.4040730</td><td>0.4911209</td><td>0.3260229</td><td>0.4655630</td><td>⋯</td><td>0.3543137</td><td>0.1495676</td><td>0.4002084</td><td>0.5390457</td><td>1.0000000</td><td>0.3545558</td><td>0.2478522</td><td>0.5457254</td><td>0.3016663</td><td>0.2606043</td></tr>\n","\t<tr><th scope=row>32496</th><td>0.2824937</td><td>0.4941860</td><td>0.4553730</td><td>0.4017697</td><td>0.4368710</td><td>0.4333820</td><td>0.4263897</td><td>0.4864264</td><td>0.4132015</td><td>0.4070014</td><td>⋯</td><td>0.5276423</td><td>0.2901878</td><td>0.3985333</td><td>0.4690569</td><td>0.3545558</td><td>1.0000000</td><td>0.4992390</td><td>0.5383812</td><td>0.4550891</td><td>0.3120105</td></tr>\n","\t<tr><th scope=row>32498</th><td>0.2628567</td><td>0.4989578</td><td>0.3720517</td><td>0.2625892</td><td>0.2877830</td><td>0.2954787</td><td>0.2907039</td><td>0.4103298</td><td>0.5268670</td><td>0.4122832</td><td>⋯</td><td>0.4159353</td><td>0.5919558</td><td>0.3451679</td><td>0.3476898</td><td>0.2478522</td><td>0.4992390</td><td>1.0000000</td><td>0.5215081</td><td>0.4137827</td><td>0.3419589</td></tr>\n","\t<tr><th scope=row>32500</th><td>0.2574846</td><td>0.5261236</td><td>0.6575189</td><td>0.5370948</td><td>0.5972923</td><td>0.5837764</td><td>0.4623820</td><td>0.6917025</td><td>0.6496708</td><td>0.4942193</td><td>⋯</td><td>0.5116278</td><td>0.3230987</td><td>0.4195550</td><td>0.5771673</td><td>0.5457254</td><td>0.5383812</td><td>0.5215081</td><td>1.0000000</td><td>0.4920387</td><td>0.3365261</td></tr>\n","\t<tr><th scope=row>32556</th><td>0.4484846</td><td>0.6559481</td><td>0.4733842</td><td>0.3317012</td><td>0.3017342</td><td>0.2583189</td><td>0.5692839</td><td>0.5801781</td><td>0.5457765</td><td>0.4447754</td><td>⋯</td><td>0.4548639</td><td>0.3999743</td><td>0.4913979</td><td>0.2836143</td><td>0.3016663</td><td>0.4550891</td><td>0.4137827</td><td>0.4920387</td><td>1.0000000</td><td>0.4461264</td></tr>\n","\t<tr><th scope=row>32596</th><td>0.3273764</td><td>0.5360337</td><td>0.2815573</td><td>0.2728023</td><td>0.1763114</td><td>0.1997342</td><td>0.3506530</td><td>0.4028230</td><td>0.3855202</td><td>0.2930230</td><td>⋯</td><td>0.3672281</td><td>0.5100132</td><td>0.3436878</td><td>0.2963111</td><td>0.2606043</td><td>0.3120105</td><td>0.3419589</td><td>0.3365261</td><td>0.4461264</td><td>1.0000000</td></tr>\n","</tbody>\n","</table>\n"],"text/markdown":"\nA matrix: 29 × 29 of type dbl\n\n| <!--/--> | 32140 | 32244 | 32452 | 32454 | 32456 | 32458 | 32460 | 32462 | 32464 | 32466 | ⋯ | 32486 | 32488 | 32490 | 32492 | 32494 | 32496 | 32498 | 32500 | 32556 | 32596 |\n|---|---|---|---|---|---|---|---|---|---|---|---|---|---|---|---|---|---|---|---|---|---|\n| 32140 | 1.0000000 | 0.3868478 | 0.2747367 | 0.1944725 | 0.1788447 | 0.1658324 | 0.2553835 | 0.3247330 | 0.3506240 | 0.3129687 | ⋯ | 0.2960385 | 0.3195120 | 0.6234531 | 0.2100639 | 0.2741456 | 0.2824937 | 0.2628567 | 0.2574846 | 0.4484846 | 0.3273764 |\n| 32244 | 0.3868478 | 1.0000000 | 0.4793720 | 0.3769175 | 0.3279865 | 0.2675490 | 0.5291543 | 0.6803345 | 0.5814632 | 0.3684282 | ⋯ | 0.4700393 | 0.4464843 | 0.5774388 | 0.3026118 | 0.3312295 | 0.4941860 | 0.4989578 | 0.5261236 | 0.6559481 | 0.5360337 |\n| 32452 | 0.2747367 | 0.4793720 | 1.0000000 | 0.5852684 | 0.7029782 | 0.6865075 | 0.5067934 | 0.5929391 | 0.4274707 | 0.5177773 | ⋯ | 0.5166654 | 0.2187431 | 0.3699104 | 0.6398159 | 0.4592274 | 0.4553730 | 0.3720517 | 0.6575189 | 0.4733842 | 0.2815573 |\n| 32454 | 0.1944725 | 0.3769175 | 0.5852684 | 1.0000000 | 0.6347952 | 0.6489549 | 0.3733489 | 0.5676306 | 0.3396863 | 0.3891111 | ⋯ | 0.4352575 | 0.1811507 | 0.2724032 | 0.6378648 | 0.4265132 | 0.4017697 | 0.2625892 | 0.5370948 | 0.3317012 | 0.2728023 |\n| 32456 | 0.1788447 | 0.3279865 | 0.7029782 | 0.6347952 | 1.0000000 | 0.8946392 | 0.3513178 | 0.5136655 | 0.2453976 | 0.5005127 | ⋯ | 0.4983260 | 0.1290701 | 0.2631328 | 0.7702819 | 0.5879274 | 0.4368710 | 0.2877830 | 0.5972923 | 0.3017342 | 0.1763114 |\n| 32458 | 0.1658324 | 0.2675490 | 0.6865075 | 0.6489549 | 0.8946392 | 1.0000000 | 0.3292217 | 0.5067780 | 0.2465628 | 0.4617044 | ⋯ | 0.5497768 | 0.1555320 | 0.2197693 | 0.8060277 | 0.5161877 | 0.4333820 | 0.2954787 | 0.5837764 | 0.2583189 | 0.1997342 |\n| 32460 | 0.2553835 | 0.5291543 | 0.5067934 | 0.3733489 | 0.3513178 | 0.3292217 | 1.0000000 | 0.5787756 | 0.4753500 | 0.4153426 | ⋯ | 0.4714591 | 0.2468677 | 0.4031024 | 0.3167126 | 0.4040730 | 0.4263897 | 0.2907039 | 0.4623820 | 0.5692839 | 0.3506530 |\n| 32462 | 0.3247330 | 0.6803345 | 0.5929391 | 0.5676306 | 0.5136655 | 0.5067780 | 0.5787756 | 1.0000000 | 0.6983557 | 0.4426511 | ⋯ | 0.5395702 | 0.3524186 | 0.5262225 | 0.5021690 | 0.4911209 | 0.4864264 | 0.4103298 | 0.6917025 | 0.5801781 | 0.4028230 |\n| 32464 | 0.3506240 | 0.5814632 | 0.4274707 | 0.3396863 | 0.2453976 | 0.2465628 | 0.4753500 | 0.6983557 | 1.0000000 | 0.4258861 | ⋯ | 0.3829827 | 0.3741499 | 0.4855612 | 0.2594851 | 0.3260229 | 0.4132015 | 0.5268670 | 0.6496708 | 0.5457765 | 0.3855202 |\n| 32466 | 0.3129687 | 0.3684282 | 0.5177773 | 0.3891111 | 0.5005127 | 0.4617044 | 0.4153426 | 0.4426511 | 0.4258861 | 1.0000000 | ⋯ | 0.4099831 | 0.3340529 | 0.2819307 | 0.4542297 | 0.4655630 | 0.4070014 | 0.4122832 | 0.4942193 | 0.4447754 | 0.2930230 |\n| 32468 | 0.3095228 | 0.3789554 | 0.5834437 | 0.5664270 | 0.6166909 | 0.6235223 | 0.3353410 | 0.5277431 | 0.4417303 | 0.4740024 | ⋯ | 0.4234605 | 0.2355696 | 0.3854909 | 0.5795022 | 0.4322198 | 0.3512118 | 0.3529947 | 0.7162995 | 0.3393336 | 0.2498814 |\n| 32470 | 0.2753835 | 0.5587114 | 0.3731248 | 0.2701868 | 0.2890812 | 0.2824692 | 0.4511879 | 0.4436497 | 0.4125587 | 0.3461737 | ⋯ | 0.5038258 | 0.2468277 | 0.4463192 | 0.1753781 | 0.2203489 | 0.4383961 | 0.3348873 | 0.4396892 | 0.5621211 | 0.3026040 |\n| 32472 | 0.3439430 | 0.6032275 | 0.5545504 | 0.4197749 | 0.5076244 | 0.4644577 | 0.5400424 | 0.6302940 | 0.5123247 | 0.5241145 | ⋯ | 0.5671752 | 0.3667818 | 0.5144303 | 0.4486649 | 0.4441448 | 0.7544703 | 0.4762837 | 0.6253739 | 0.5686712 | 0.4071476 |\n| 32474 | 0.2060360 | 0.3749503 | 0.6144426 | 0.6047946 | 0.7059972 | 0.6651018 | 0.4159697 | 0.4857040 | 0.3295881 | 0.5781346 | ⋯ | 0.5063834 | 0.2468385 | 0.2658119 | 0.6300892 | 0.5005322 | 0.4618852 | 0.3207728 | 0.5252966 | 0.3408376 | 0.2638347 |\n| 32476 | 0.3883091 | 0.5003004 | 0.5228130 | 0.4090249 | 0.4651828 | 0.4782244 | 0.4440029 | 0.5682968 | 0.4697790 | 0.5544852 | ⋯ | 0.5425711 | 0.4120286 | 0.3985963 | 0.5156783 | 0.4569047 | 0.4551786 | 0.4697226 | 0.5688277 | 0.5093044 | 0.3886204 |\n| 32478 | 0.3675246 | 0.4926287 | 0.4362335 | 0.2819507 | 0.3005267 | 0.2664796 | 0.3947474 | 0.5005944 | 0.6200490 | 0.4353898 | ⋯ | 0.3293839 | 0.3222422 | 0.2909856 | 0.2640560 | 0.2457208 | 0.3237697 | 0.3907223 | 0.4497992 | 0.5272045 | 0.3043702 |\n| 32480 | 0.3219702 | 0.5318979 | 0.6484136 | 0.5718579 | 0.6110363 | 0.5904992 | 0.5169586 | 0.6443799 | 0.4750929 | 0.5674963 | ⋯ | 0.5246321 | 0.3182385 | 0.3606800 | 0.6157933 | 0.5041607 | 0.4923676 | 0.3729020 | 0.5892401 | 0.5061152 | 0.4038823 |\n| 32482 | 0.1945121 | 0.2695178 | 0.5694203 | 0.4331601 | 0.4838203 | 0.5024640 | 0.2875019 | 0.4172688 | 0.3277497 | 0.3464215 | ⋯ | 0.3665648 | 0.1670015 | 0.2160630 | 0.4826646 | 0.3297098 | 0.3160174 | 0.2764660 | 0.4877048 | 0.2707009 | 0.1879501 |\n| 32484 | 0.3782342 | 0.5027382 | 0.5742716 | 0.4724466 | 0.5110585 | 0.5373436 | 0.5375062 | 0.5935736 | 0.5027271 | 0.5274810 | ⋯ | 0.5489657 | 0.4175674 | 0.3712006 | 0.5543749 | 0.3956641 | 0.4451980 | 0.4284267 | 0.6618743 | 0.5503103 | 0.4439904 |\n| 32486 | 0.2960385 | 0.4700393 | 0.5166654 | 0.4352575 | 0.4983260 | 0.5497768 | 0.4714591 | 0.5395702 | 0.3829827 | 0.4099831 | ⋯ | 1.0000000 | 0.3589273 | 0.3876167 | 0.4980816 | 0.3543137 | 0.5276423 | 0.4159353 | 0.5116278 | 0.4548639 | 0.3672281 |\n| 32488 | 0.3195120 | 0.4464843 | 0.2187431 | 0.1811507 | 0.1290701 | 0.1555320 | 0.2468677 | 0.3524186 | 0.3741499 | 0.3340529 | ⋯ | 0.3589273 | 1.0000000 | 0.2708737 | 0.2806001 | 0.1495676 | 0.2901878 | 0.5919558 | 0.3230987 | 0.3999743 | 0.5100132 |\n| 32490 | 0.6234531 | 0.5774388 | 0.3699104 | 0.2724032 | 0.2631328 | 0.2197693 | 0.4031024 | 0.5262225 | 0.4855612 | 0.2819307 | ⋯ | 0.3876167 | 0.2708737 | 1.0000000 | 0.2002189 | 0.4002084 | 0.3985333 | 0.3451679 | 0.4195550 | 0.4913979 | 0.3436878 |\n| 32492 | 0.2100639 | 0.3026118 | 0.6398159 | 0.6378648 | 0.7702819 | 0.8060277 | 0.3167126 | 0.5021690 | 0.2594851 | 0.4542297 | ⋯ | 0.4980816 | 0.2806001 | 0.2002189 | 1.0000000 | 0.5390457 | 0.4690569 | 0.3476898 | 0.5771673 | 0.2836143 | 0.2963111 |\n| 32494 | 0.2741456 | 0.3312295 | 0.4592274 | 0.4265132 | 0.5879274 | 0.5161877 | 0.4040730 | 0.4911209 | 0.3260229 | 0.4655630 | ⋯ | 0.3543137 | 0.1495676 | 0.4002084 | 0.5390457 | 1.0000000 | 0.3545558 | 0.2478522 | 0.5457254 | 0.3016663 | 0.2606043 |\n| 32496 | 0.2824937 | 0.4941860 | 0.4553730 | 0.4017697 | 0.4368710 | 0.4333820 | 0.4263897 | 0.4864264 | 0.4132015 | 0.4070014 | ⋯ | 0.5276423 | 0.2901878 | 0.3985333 | 0.4690569 | 0.3545558 | 1.0000000 | 0.4992390 | 0.5383812 | 0.4550891 | 0.3120105 |\n| 32498 | 0.2628567 | 0.4989578 | 0.3720517 | 0.2625892 | 0.2877830 | 0.2954787 | 0.2907039 | 0.4103298 | 0.5268670 | 0.4122832 | ⋯ | 0.4159353 | 0.5919558 | 0.3451679 | 0.3476898 | 0.2478522 | 0.4992390 | 1.0000000 | 0.5215081 | 0.4137827 | 0.3419589 |\n| 32500 | 0.2574846 | 0.5261236 | 0.6575189 | 0.5370948 | 0.5972923 | 0.5837764 | 0.4623820 | 0.6917025 | 0.6496708 | 0.4942193 | ⋯ | 0.5116278 | 0.3230987 | 0.4195550 | 0.5771673 | 0.5457254 | 0.5383812 | 0.5215081 | 1.0000000 | 0.4920387 | 0.3365261 |\n| 32556 | 0.4484846 | 0.6559481 | 0.4733842 | 0.3317012 | 0.3017342 | 0.2583189 | 0.5692839 | 0.5801781 | 0.5457765 | 0.4447754 | ⋯ | 0.4548639 | 0.3999743 | 0.4913979 | 0.2836143 | 0.3016663 | 0.4550891 | 0.4137827 | 0.4920387 | 1.0000000 | 0.4461264 |\n| 32596 | 0.3273764 | 0.5360337 | 0.2815573 | 0.2728023 | 0.1763114 | 0.1997342 | 0.3506530 | 0.4028230 | 0.3855202 | 0.2930230 | ⋯ | 0.3672281 | 0.5100132 | 0.3436878 | 0.2963111 | 0.2606043 | 0.3120105 | 0.3419589 | 0.3365261 | 0.4461264 | 1.0000000 |\n\n","text/latex":"A matrix: 29 × 29 of type dbl\n\\begin{tabular}{r|lllllllllllllllllllll}\n  & 32140 & 32244 & 32452 & 32454 & 32456 & 32458 & 32460 & 32462 & 32464 & 32466 & ⋯ & 32486 & 32488 & 32490 & 32492 & 32494 & 32496 & 32498 & 32500 & 32556 & 32596\\\\\n\\hline\n\t32140 & 1.0000000 & 0.3868478 & 0.2747367 & 0.1944725 & 0.1788447 & 0.1658324 & 0.2553835 & 0.3247330 & 0.3506240 & 0.3129687 & ⋯ & 0.2960385 & 0.3195120 & 0.6234531 & 0.2100639 & 0.2741456 & 0.2824937 & 0.2628567 & 0.2574846 & 0.4484846 & 0.3273764\\\\\n\t32244 & 0.3868478 & 1.0000000 & 0.4793720 & 0.3769175 & 0.3279865 & 0.2675490 & 0.5291543 & 0.6803345 & 0.5814632 & 0.3684282 & ⋯ & 0.4700393 & 0.4464843 & 0.5774388 & 0.3026118 & 0.3312295 & 0.4941860 & 0.4989578 & 0.5261236 & 0.6559481 & 0.5360337\\\\\n\t32452 & 0.2747367 & 0.4793720 & 1.0000000 & 0.5852684 & 0.7029782 & 0.6865075 & 0.5067934 & 0.5929391 & 0.4274707 & 0.5177773 & ⋯ & 0.5166654 & 0.2187431 & 0.3699104 & 0.6398159 & 0.4592274 & 0.4553730 & 0.3720517 & 0.6575189 & 0.4733842 & 0.2815573\\\\\n\t32454 & 0.1944725 & 0.3769175 & 0.5852684 & 1.0000000 & 0.6347952 & 0.6489549 & 0.3733489 & 0.5676306 & 0.3396863 & 0.3891111 & ⋯ & 0.4352575 & 0.1811507 & 0.2724032 & 0.6378648 & 0.4265132 & 0.4017697 & 0.2625892 & 0.5370948 & 0.3317012 & 0.2728023\\\\\n\t32456 & 0.1788447 & 0.3279865 & 0.7029782 & 0.6347952 & 1.0000000 & 0.8946392 & 0.3513178 & 0.5136655 & 0.2453976 & 0.5005127 & ⋯ & 0.4983260 & 0.1290701 & 0.2631328 & 0.7702819 & 0.5879274 & 0.4368710 & 0.2877830 & 0.5972923 & 0.3017342 & 0.1763114\\\\\n\t32458 & 0.1658324 & 0.2675490 & 0.6865075 & 0.6489549 & 0.8946392 & 1.0000000 & 0.3292217 & 0.5067780 & 0.2465628 & 0.4617044 & ⋯ & 0.5497768 & 0.1555320 & 0.2197693 & 0.8060277 & 0.5161877 & 0.4333820 & 0.2954787 & 0.5837764 & 0.2583189 & 0.1997342\\\\\n\t32460 & 0.2553835 & 0.5291543 & 0.5067934 & 0.3733489 & 0.3513178 & 0.3292217 & 1.0000000 & 0.5787756 & 0.4753500 & 0.4153426 & ⋯ & 0.4714591 & 0.2468677 & 0.4031024 & 0.3167126 & 0.4040730 & 0.4263897 & 0.2907039 & 0.4623820 & 0.5692839 & 0.3506530\\\\\n\t32462 & 0.3247330 & 0.6803345 & 0.5929391 & 0.5676306 & 0.5136655 & 0.5067780 & 0.5787756 & 1.0000000 & 0.6983557 & 0.4426511 & ⋯ & 0.5395702 & 0.3524186 & 0.5262225 & 0.5021690 & 0.4911209 & 0.4864264 & 0.4103298 & 0.6917025 & 0.5801781 & 0.4028230\\\\\n\t32464 & 0.3506240 & 0.5814632 & 0.4274707 & 0.3396863 & 0.2453976 & 0.2465628 & 0.4753500 & 0.6983557 & 1.0000000 & 0.4258861 & ⋯ & 0.3829827 & 0.3741499 & 0.4855612 & 0.2594851 & 0.3260229 & 0.4132015 & 0.5268670 & 0.6496708 & 0.5457765 & 0.3855202\\\\\n\t32466 & 0.3129687 & 0.3684282 & 0.5177773 & 0.3891111 & 0.5005127 & 0.4617044 & 0.4153426 & 0.4426511 & 0.4258861 & 1.0000000 & ⋯ & 0.4099831 & 0.3340529 & 0.2819307 & 0.4542297 & 0.4655630 & 0.4070014 & 0.4122832 & 0.4942193 & 0.4447754 & 0.2930230\\\\\n\t32468 & 0.3095228 & 0.3789554 & 0.5834437 & 0.5664270 & 0.6166909 & 0.6235223 & 0.3353410 & 0.5277431 & 0.4417303 & 0.4740024 & ⋯ & 0.4234605 & 0.2355696 & 0.3854909 & 0.5795022 & 0.4322198 & 0.3512118 & 0.3529947 & 0.7162995 & 0.3393336 & 0.2498814\\\\\n\t32470 & 0.2753835 & 0.5587114 & 0.3731248 & 0.2701868 & 0.2890812 & 0.2824692 & 0.4511879 & 0.4436497 & 0.4125587 & 0.3461737 & ⋯ & 0.5038258 & 0.2468277 & 0.4463192 & 0.1753781 & 0.2203489 & 0.4383961 & 0.3348873 & 0.4396892 & 0.5621211 & 0.3026040\\\\\n\t32472 & 0.3439430 & 0.6032275 & 0.5545504 & 0.4197749 & 0.5076244 & 0.4644577 & 0.5400424 & 0.6302940 & 0.5123247 & 0.5241145 & ⋯ & 0.5671752 & 0.3667818 & 0.5144303 & 0.4486649 & 0.4441448 & 0.7544703 & 0.4762837 & 0.6253739 & 0.5686712 & 0.4071476\\\\\n\t32474 & 0.2060360 & 0.3749503 & 0.6144426 & 0.6047946 & 0.7059972 & 0.6651018 & 0.4159697 & 0.4857040 & 0.3295881 & 0.5781346 & ⋯ & 0.5063834 & 0.2468385 & 0.2658119 & 0.6300892 & 0.5005322 & 0.4618852 & 0.3207728 & 0.5252966 & 0.3408376 & 0.2638347\\\\\n\t32476 & 0.3883091 & 0.5003004 & 0.5228130 & 0.4090249 & 0.4651828 & 0.4782244 & 0.4440029 & 0.5682968 & 0.4697790 & 0.5544852 & ⋯ & 0.5425711 & 0.4120286 & 0.3985963 & 0.5156783 & 0.4569047 & 0.4551786 & 0.4697226 & 0.5688277 & 0.5093044 & 0.3886204\\\\\n\t32478 & 0.3675246 & 0.4926287 & 0.4362335 & 0.2819507 & 0.3005267 & 0.2664796 & 0.3947474 & 0.5005944 & 0.6200490 & 0.4353898 & ⋯ & 0.3293839 & 0.3222422 & 0.2909856 & 0.2640560 & 0.2457208 & 0.3237697 & 0.3907223 & 0.4497992 & 0.5272045 & 0.3043702\\\\\n\t32480 & 0.3219702 & 0.5318979 & 0.6484136 & 0.5718579 & 0.6110363 & 0.5904992 & 0.5169586 & 0.6443799 & 0.4750929 & 0.5674963 & ⋯ & 0.5246321 & 0.3182385 & 0.3606800 & 0.6157933 & 0.5041607 & 0.4923676 & 0.3729020 & 0.5892401 & 0.5061152 & 0.4038823\\\\\n\t32482 & 0.1945121 & 0.2695178 & 0.5694203 & 0.4331601 & 0.4838203 & 0.5024640 & 0.2875019 & 0.4172688 & 0.3277497 & 0.3464215 & ⋯ & 0.3665648 & 0.1670015 & 0.2160630 & 0.4826646 & 0.3297098 & 0.3160174 & 0.2764660 & 0.4877048 & 0.2707009 & 0.1879501\\\\\n\t32484 & 0.3782342 & 0.5027382 & 0.5742716 & 0.4724466 & 0.5110585 & 0.5373436 & 0.5375062 & 0.5935736 & 0.5027271 & 0.5274810 & ⋯ & 0.5489657 & 0.4175674 & 0.3712006 & 0.5543749 & 0.3956641 & 0.4451980 & 0.4284267 & 0.6618743 & 0.5503103 & 0.4439904\\\\\n\t32486 & 0.2960385 & 0.4700393 & 0.5166654 & 0.4352575 & 0.4983260 & 0.5497768 & 0.4714591 & 0.5395702 & 0.3829827 & 0.4099831 & ⋯ & 1.0000000 & 0.3589273 & 0.3876167 & 0.4980816 & 0.3543137 & 0.5276423 & 0.4159353 & 0.5116278 & 0.4548639 & 0.3672281\\\\\n\t32488 & 0.3195120 & 0.4464843 & 0.2187431 & 0.1811507 & 0.1290701 & 0.1555320 & 0.2468677 & 0.3524186 & 0.3741499 & 0.3340529 & ⋯ & 0.3589273 & 1.0000000 & 0.2708737 & 0.2806001 & 0.1495676 & 0.2901878 & 0.5919558 & 0.3230987 & 0.3999743 & 0.5100132\\\\\n\t32490 & 0.6234531 & 0.5774388 & 0.3699104 & 0.2724032 & 0.2631328 & 0.2197693 & 0.4031024 & 0.5262225 & 0.4855612 & 0.2819307 & ⋯ & 0.3876167 & 0.2708737 & 1.0000000 & 0.2002189 & 0.4002084 & 0.3985333 & 0.3451679 & 0.4195550 & 0.4913979 & 0.3436878\\\\\n\t32492 & 0.2100639 & 0.3026118 & 0.6398159 & 0.6378648 & 0.7702819 & 0.8060277 & 0.3167126 & 0.5021690 & 0.2594851 & 0.4542297 & ⋯ & 0.4980816 & 0.2806001 & 0.2002189 & 1.0000000 & 0.5390457 & 0.4690569 & 0.3476898 & 0.5771673 & 0.2836143 & 0.2963111\\\\\n\t32494 & 0.2741456 & 0.3312295 & 0.4592274 & 0.4265132 & 0.5879274 & 0.5161877 & 0.4040730 & 0.4911209 & 0.3260229 & 0.4655630 & ⋯ & 0.3543137 & 0.1495676 & 0.4002084 & 0.5390457 & 1.0000000 & 0.3545558 & 0.2478522 & 0.5457254 & 0.3016663 & 0.2606043\\\\\n\t32496 & 0.2824937 & 0.4941860 & 0.4553730 & 0.4017697 & 0.4368710 & 0.4333820 & 0.4263897 & 0.4864264 & 0.4132015 & 0.4070014 & ⋯ & 0.5276423 & 0.2901878 & 0.3985333 & 0.4690569 & 0.3545558 & 1.0000000 & 0.4992390 & 0.5383812 & 0.4550891 & 0.3120105\\\\\n\t32498 & 0.2628567 & 0.4989578 & 0.3720517 & 0.2625892 & 0.2877830 & 0.2954787 & 0.2907039 & 0.4103298 & 0.5268670 & 0.4122832 & ⋯ & 0.4159353 & 0.5919558 & 0.3451679 & 0.3476898 & 0.2478522 & 0.4992390 & 1.0000000 & 0.5215081 & 0.4137827 & 0.3419589\\\\\n\t32500 & 0.2574846 & 0.5261236 & 0.6575189 & 0.5370948 & 0.5972923 & 0.5837764 & 0.4623820 & 0.6917025 & 0.6496708 & 0.4942193 & ⋯ & 0.5116278 & 0.3230987 & 0.4195550 & 0.5771673 & 0.5457254 & 0.5383812 & 0.5215081 & 1.0000000 & 0.4920387 & 0.3365261\\\\\n\t32556 & 0.4484846 & 0.6559481 & 0.4733842 & 0.3317012 & 0.3017342 & 0.2583189 & 0.5692839 & 0.5801781 & 0.5457765 & 0.4447754 & ⋯ & 0.4548639 & 0.3999743 & 0.4913979 & 0.2836143 & 0.3016663 & 0.4550891 & 0.4137827 & 0.4920387 & 1.0000000 & 0.4461264\\\\\n\t32596 & 0.3273764 & 0.5360337 & 0.2815573 & 0.2728023 & 0.1763114 & 0.1997342 & 0.3506530 & 0.4028230 & 0.3855202 & 0.2930230 & ⋯ & 0.3672281 & 0.5100132 & 0.3436878 & 0.2963111 & 0.2606043 & 0.3120105 & 0.3419589 & 0.3365261 & 0.4461264 & 1.0000000\\\\\n\\end{tabular}\n","text/plain":["      32140     32244     32452     32454     32456     32458     32460    \n","32140 1.0000000 0.3868478 0.2747367 0.1944725 0.1788447 0.1658324 0.2553835\n","32244 0.3868478 1.0000000 0.4793720 0.3769175 0.3279865 0.2675490 0.5291543\n","32452 0.2747367 0.4793720 1.0000000 0.5852684 0.7029782 0.6865075 0.5067934\n","32454 0.1944725 0.3769175 0.5852684 1.0000000 0.6347952 0.6489549 0.3733489\n","32456 0.1788447 0.3279865 0.7029782 0.6347952 1.0000000 0.8946392 0.3513178\n","32458 0.1658324 0.2675490 0.6865075 0.6489549 0.8946392 1.0000000 0.3292217\n","32460 0.2553835 0.5291543 0.5067934 0.3733489 0.3513178 0.3292217 1.0000000\n","32462 0.3247330 0.6803345 0.5929391 0.5676306 0.5136655 0.5067780 0.5787756\n","32464 0.3506240 0.5814632 0.4274707 0.3396863 0.2453976 0.2465628 0.4753500\n","32466 0.3129687 0.3684282 0.5177773 0.3891111 0.5005127 0.4617044 0.4153426\n","32468 0.3095228 0.3789554 0.5834437 0.5664270 0.6166909 0.6235223 0.3353410\n","32470 0.2753835 0.5587114 0.3731248 0.2701868 0.2890812 0.2824692 0.4511879\n","32472 0.3439430 0.6032275 0.5545504 0.4197749 0.5076244 0.4644577 0.5400424\n","32474 0.2060360 0.3749503 0.6144426 0.6047946 0.7059972 0.6651018 0.4159697\n","32476 0.3883091 0.5003004 0.5228130 0.4090249 0.4651828 0.4782244 0.4440029\n","32478 0.3675246 0.4926287 0.4362335 0.2819507 0.3005267 0.2664796 0.3947474\n","32480 0.3219702 0.5318979 0.6484136 0.5718579 0.6110363 0.5904992 0.5169586\n","32482 0.1945121 0.2695178 0.5694203 0.4331601 0.4838203 0.5024640 0.2875019\n","32484 0.3782342 0.5027382 0.5742716 0.4724466 0.5110585 0.5373436 0.5375062\n","32486 0.2960385 0.4700393 0.5166654 0.4352575 0.4983260 0.5497768 0.4714591\n","32488 0.3195120 0.4464843 0.2187431 0.1811507 0.1290701 0.1555320 0.2468677\n","32490 0.6234531 0.5774388 0.3699104 0.2724032 0.2631328 0.2197693 0.4031024\n","32492 0.2100639 0.3026118 0.6398159 0.6378648 0.7702819 0.8060277 0.3167126\n","32494 0.2741456 0.3312295 0.4592274 0.4265132 0.5879274 0.5161877 0.4040730\n","32496 0.2824937 0.4941860 0.4553730 0.4017697 0.4368710 0.4333820 0.4263897\n","32498 0.2628567 0.4989578 0.3720517 0.2625892 0.2877830 0.2954787 0.2907039\n","32500 0.2574846 0.5261236 0.6575189 0.5370948 0.5972923 0.5837764 0.4623820\n","32556 0.4484846 0.6559481 0.4733842 0.3317012 0.3017342 0.2583189 0.5692839\n","32596 0.3273764 0.5360337 0.2815573 0.2728023 0.1763114 0.1997342 0.3506530\n","      32462     32464     32466     ⋯ 32486     32488     32490     32492    \n","32140 0.3247330 0.3506240 0.3129687 ⋯ 0.2960385 0.3195120 0.6234531 0.2100639\n","32244 0.6803345 0.5814632 0.3684282 ⋯ 0.4700393 0.4464843 0.5774388 0.3026118\n","32452 0.5929391 0.4274707 0.5177773 ⋯ 0.5166654 0.2187431 0.3699104 0.6398159\n","32454 0.5676306 0.3396863 0.3891111 ⋯ 0.4352575 0.1811507 0.2724032 0.6378648\n","32456 0.5136655 0.2453976 0.5005127 ⋯ 0.4983260 0.1290701 0.2631328 0.7702819\n","32458 0.5067780 0.2465628 0.4617044 ⋯ 0.5497768 0.1555320 0.2197693 0.8060277\n","32460 0.5787756 0.4753500 0.4153426 ⋯ 0.4714591 0.2468677 0.4031024 0.3167126\n","32462 1.0000000 0.6983557 0.4426511 ⋯ 0.5395702 0.3524186 0.5262225 0.5021690\n","32464 0.6983557 1.0000000 0.4258861 ⋯ 0.3829827 0.3741499 0.4855612 0.2594851\n","32466 0.4426511 0.4258861 1.0000000 ⋯ 0.4099831 0.3340529 0.2819307 0.4542297\n","32468 0.5277431 0.4417303 0.4740024 ⋯ 0.4234605 0.2355696 0.3854909 0.5795022\n","32470 0.4436497 0.4125587 0.3461737 ⋯ 0.5038258 0.2468277 0.4463192 0.1753781\n","32472 0.6302940 0.5123247 0.5241145 ⋯ 0.5671752 0.3667818 0.5144303 0.4486649\n","32474 0.4857040 0.3295881 0.5781346 ⋯ 0.5063834 0.2468385 0.2658119 0.6300892\n","32476 0.5682968 0.4697790 0.5544852 ⋯ 0.5425711 0.4120286 0.3985963 0.5156783\n","32478 0.5005944 0.6200490 0.4353898 ⋯ 0.3293839 0.3222422 0.2909856 0.2640560\n","32480 0.6443799 0.4750929 0.5674963 ⋯ 0.5246321 0.3182385 0.3606800 0.6157933\n","32482 0.4172688 0.3277497 0.3464215 ⋯ 0.3665648 0.1670015 0.2160630 0.4826646\n","32484 0.5935736 0.5027271 0.5274810 ⋯ 0.5489657 0.4175674 0.3712006 0.5543749\n","32486 0.5395702 0.3829827 0.4099831 ⋯ 1.0000000 0.3589273 0.3876167 0.4980816\n","32488 0.3524186 0.3741499 0.3340529 ⋯ 0.3589273 1.0000000 0.2708737 0.2806001\n","32490 0.5262225 0.4855612 0.2819307 ⋯ 0.3876167 0.2708737 1.0000000 0.2002189\n","32492 0.5021690 0.2594851 0.4542297 ⋯ 0.4980816 0.2806001 0.2002189 1.0000000\n","32494 0.4911209 0.3260229 0.4655630 ⋯ 0.3543137 0.1495676 0.4002084 0.5390457\n","32496 0.4864264 0.4132015 0.4070014 ⋯ 0.5276423 0.2901878 0.3985333 0.4690569\n","32498 0.4103298 0.5268670 0.4122832 ⋯ 0.4159353 0.5919558 0.3451679 0.3476898\n","32500 0.6917025 0.6496708 0.4942193 ⋯ 0.5116278 0.3230987 0.4195550 0.5771673\n","32556 0.5801781 0.5457765 0.4447754 ⋯ 0.4548639 0.3999743 0.4913979 0.2836143\n","32596 0.4028230 0.3855202 0.2930230 ⋯ 0.3672281 0.5100132 0.3436878 0.2963111\n","      32494     32496     32498     32500     32556     32596    \n","32140 0.2741456 0.2824937 0.2628567 0.2574846 0.4484846 0.3273764\n","32244 0.3312295 0.4941860 0.4989578 0.5261236 0.6559481 0.5360337\n","32452 0.4592274 0.4553730 0.3720517 0.6575189 0.4733842 0.2815573\n","32454 0.4265132 0.4017697 0.2625892 0.5370948 0.3317012 0.2728023\n","32456 0.5879274 0.4368710 0.2877830 0.5972923 0.3017342 0.1763114\n","32458 0.5161877 0.4333820 0.2954787 0.5837764 0.2583189 0.1997342\n","32460 0.4040730 0.42638